4000.0000000000155  1.457725947521837
3877.7589134125787  1.457725947521837
3748.726655348062  1.457725947521837
3497.4533106961085  1.457725947521837
3449.91511035655  2.0408163265305888
3422.7504244482307  1.457725947521837
3341.2563667232725  1.457725947521837
3212.224108658756  1.457725947521837
3185.0594227504366  1.7492711370262128
3157.8947368421173  1.7492711370262128
3117.1477079796387  1.7492711370262128
3089.9830220713193  2.3323615160349647
3076.4006791171596  3.498542274052454
3069.6095076400798  18.950437317784235
3062.818336163  10.495626822157405
3056.02716468592  5.247813411078695
3056.02716468592  7.2886297376093125
3056.02716468592  12.244897959183646
3049.2359932088402  4.373177842565568
3035.6536502546805  3.498542274052454
3022.071307300521  2.3323615160349647
3008.488964346361  3.498542274052454
2994.9066213922015  1.7492711370262128
2981.324278438042  2.6239067055393264
2967.741935483882  1.7492711370262128
2947.3684210526426  1.7492711370262128
2913.4125636672434  1.7492711370262128
2865.8743633276845  1.7492711370262128
2811.544991511046  1.7492711370262128
2777.5891341256474  1.7492711370262128
2716.468590831929  1.457725947521837
2668.93039049237  1.7492711370262128
2628.183361629891  1.7492711370262128
2573.853989813252  1.7492711370262128
2512.733446519534  1.7492711370262128
2485.5687606112147  1.457725947521837
2241.086587436341  1.457725947521837
2003.3955857385467  1.457725947521837
2000  1.457725947521837
1881.1544991511034  1.457725947521837
1799.660441426146  1.457725947521837
1789.4736842105262  1.7492711370262128
1775.8913412563666  1.166180758017461
1762.308998302207  1.7492711370262128
1724.9575551782682  1.7492711370262128
1707.9796264855688  2.6239067055393264
1694.3972835314091  2.3323615160349647
1674.0237691001696  2.9154518950437023
1653.6502546689303  5.539358600583071
1646.8590831918507  7.2886297376093125
1640.0679117147708  9.620991253644277
1640.0679117147708  11.078717201166171
1633.276740237691  13.11953352769676
1626.4855687606112  10.204081632653029
1619.6943972835313  8.163265306122412
1612.9032258064515  10.204081632653029
1612.9032258064515  14.285714285714263
1606.1120543293719  18.65889212827986
1602.716468590832  22.448979591836704
1599.320882852292  15.743440233236129
1595.925297113752  11.661807580174894
1592.5297113752122  5.830903790087447
1589.1341256366725  4.081632653061206
1582.3429541595926  4.373177842565568
1575.5517826825126  3.498542274052454
1565.365025466893  2.6239067055393264
1544.9915110356537  2.0408163265305888
1514.4312393887944  2.0408163265305888
1494.0577249575551  1.457725947521837
1470.2886247877757  2.0408163265305888
1449.9151103565364  2.6239067055393264
1439.7283531409169  4.081632653061206
1429.541595925297  2.6239067055393264
1412.5636672325975  1.7492711370262128
1388.7945670628183  1.7492711370262128
1371.8166383701189  2.3323615160349647
1358.2342954159592  1.7492711370262128
1337.86078098472  2.0408163265305888
1324.2784380305604  3.498542274052454
1324.2784380305604  5.539358600583071
1310.6960950764005  2.9154518950437023
1300.509337860781  3.498542274052454
1297.113752122241  5.247813411078695
1293.7181663837011  8.163265306122412
1290.3225806451612  12.244897959183646
1283.5314091680816  9.620991253644277
1280.1358234295417  6.122448979591809
1273.3446519524618  3.79008746355683
1266.553480475382  2.3323615160349647
1242.7843803056028  1.7492711370262128
1219.0152801358236  1.7492711370262128
1198.641765704584  1.7492711370262128
1185.0594227504243  3.79008746355683
1178.2682512733447  6.122448979591809
1171.477079796265  3.79008746355683
1161.2903225806454  2.3323615160349647
1154.4991511035655  4.373177842565568
1147.7079796264854  2.6239067055393264
1137.521222410866  2.6239067055393264
1137.521222410866  4.373177842565568
1130.730050933786  6.413994169096185
1127.3344651952461  4.081632653061206
1117.1477079796264  2.3323615160349647
1100.1697792869272  1.457725947521837
1079.7962648556877  1.457725947521837
1066.213921901528  2.0408163265305888
1049.2359932088284  1.457725947521837
1039.049235993209  2.0408163265305888
1028.8624787775893  3.206997084548078
1028.8624787775893  6.997084548104937
1025.4668930390494  12.244897959183646
1022.071307300509  4.6647230320699435
1018.6757215619696  2.0408163265305888
1005.0933786078099  3.206997084548078
1008.4889643463498  19.82507288629735
1008.4889643463498  42.85714285714285
1001.69779286927  95.04373177842565
994.9066213921901  20.699708454810477
994.9066213921901  2.3323615160349647
991.5110356536502  4.081632653061206
984.7198641765708  1.457725947521837
923.5993208828522  1.457725947521837
872.6655348047539  1.457725947521837
859.0831918505942  1.457725947521837
852.2920203735143  2.3323615160349647
845.500848896435  1.457725947521837
828.5229202037349  1.457725947521837
814.9405772495757  2.9154518950437023
811.5449915110357  5.247813411078695
801.358234295416  2.6239067055393264
801.358234295416  18.950437317784235
794.5670628183361  30.029154518950406
791.1714770797962  11.95335276967927
787.7758913412563  3.498542274052454
780.9847198641769  2.0408163265305888
764.0067911714773  1.457725947521837
716.4685908319188  1.457725947521837
709.677419354839  2.9154518950437023
702.8862478777587  1.457725947521837
665.53480475382  1.457725947521837
658.7436332767406  2.3323615160349647
651.9524617996608  1.457725947521837
624.787775891341  1.457725947521837
621.3921901528015  6.997084548104937
617.9966044142616  20.4081632653061
614.6010186757217  10.78717201166178
607.8098471986418  2.9154518950437023
607.8098471986418  1.457725947521837
584.0407470288624  1.457725947521837
512.7334465195249  1.457725947521837
499.15110356536525  2.0408163265305888
485.5687606112051  1.457725947521837
448.2173174872669  1.457725947521837
431.2393887945673  2.3323615160349647
424.44821731748743  2.9154518950437023
424.44821731748743  7.871720116618036
421.05263157894706  10.204081632653029
417.6570458404076  6.413994169096185
410.86587436332775  2.6239067055393264
400.679117147708  1.457725947521837
268.25127334465196  1.457725947521837
254.66893039049228  2.0408163265305888
234.29541595925275  2.0408163265305888
217.31748726655314  2.9154518950437023
207.13073005093383  4.6647230320699435
200.339558573854  6.997084548104937
196.94397283531407  12.536443148688022
196.94397283531407  18.075801749271108
190.15280135823423  19.24198250728861
186.75721561969476  13.994169096209887
183.36162988115439  8.163265306122412
179.96604414261492  5.830903790087447
173.17487266553508  4.6647230320699435
159.59252971137494  6.122448979591809
149.40577249575563  8.746355685131178
142.61460101867578  11.078717201166171
135.82342954159594  12.536443148688022
132.42784380305602  15.743440233236129
129.03225806451655  20.991253644314853
125.63667232597618  28.279883381924165
118.84550084889634  41.107871720116606
118.84550084889634  56.851311953352756
115.44991511035641  64.43148688046645
112.0543293718165  66.76384839650144
105.2631578947371  63.55685131195334
105.2631578947371  46.647230320699684
101.86757215619673  38.48396501457724
95.07640067911689  48.6880466472303
95.07640067911689  65.88921282798833
91.68081494057742  69.09620991253644
84.88964346349758  55.102040816326515
78.09847198641774  57.4344023323615
74.70288624787781  69.67930029154518
71.30730050933789  90.96209912536443
67.91171477079797  95.91836734693877
